1 1 0.992809
3 1 0.962139
4 1 0.961812
2 1 0.946203
1 2 0.992841
3 2 0.979498
4 2 0.978431
2 2 0.985132
1 3 0.992796
4 3 0.9725
3 3 0.970105
1 4 0.992754
2 3 0.949557
4 4 0.987209
1 5 0.992798
3 4 0.9854
2 4 0.980439
4 5 0.973124
1 6 0.992825
3 5 0.980236
2 5 0.93834
1 7 0.992819
4 6 0.937709
3 6 0.979964
2 6 0.96209
1 8 0.992845
4 7 0.968936
3 7 0.965077
2 7 0.946304
1 9 0.992862
4 8 0.983398
3 8 0.979424
2 8 0.963052
1 10 0.99285
4 9 0.968797
3 9 0.969859
1 11 0.992872
2 9 0.945728
4 10 0.97734
1 12 0.992876
3 10 0.965366
2 10 0.954239
4 11 0.965319
1 13 0.992822
3 11 0.979361
2 11 0.954419
4 12 0.982451
1 14 0.992764
3 12 0.984819
2 12 0.985021
1 15 0.992786
4 13 0.977266
3 13 0.970415
1 16 0.992825
2 13 0.949726
4 14 0.9787
3 14 0.979335
1 17 0.992754
2 14 0.984989
4 15 0.972573
1 18 0.992789
3 15 0.96728
2 15 0.950378
4 16 0.987264
1 19 0.992761
3 16 0.980344
2 16 0.985033
4 17 0.973096
1 20 0.992791
3 17 0.979996
2 17 0.929876
4 18 0.987186
1 21 0.992827
3 18 0.980107
2 18 0.957585
1 22 0.992763
4 19 0.968541
3 19 0.961382
1 23 0.992796
2 19 0.931766
4 20 0.98803
3 20 0.984095
1 24 0.992756
2 20 0.957638
4 21 0.968929
1 25 0.992798
3 21 0.965751
2 21 0.950194
4 22 0.982446
1 26 0.992823
3 22 0.97964
2 22 0.984753
4 23 0.973553
1 27 0.992819
3 23 0.979607
