1 1 0.992809
3 1 0.962139
4 1 0.961812
2 1 0.946203
1 2 0.992841
3 2 0.979497
4 2 0.978431
2 2 0.985132
1 3 0.992796
4 3 0.972534
3 3 0.970545
1 4 0.992754
2 3 0.949557
4 4 0.987466
3 4 0.96973
1 5 0.992798
2 4 0.980439
4 5 0.977435
1 6 0.992825
3 5 0.975324
2 5 0.926874
4 6 0.952683
1 7 0.992819
3 6 0.979294
1 8 0.992845
2 6 0.945084
4 7 0.97261
3 7 0.967149
1 9 0.992862
4 8 0.987954
2 7 0.946165
3 8 0.984271
1 10 0.99285
4 9 0.944949
2 8 0.957692
3 9 0.974669
1 11 0.992872
4 10 0.982877
2 9 0.950068
1 12 0.992876
3 10 0.984032
4 11 0.968816
2 10 0.985239
1 13 0.99281
3 11 0.969801
4 12 0.984912
2 11 0.949685
1 14 0.992764
3 12 0.98064
1 15 0.992786
2 12 0.980459
4 13 0.949844
3 13 0.976382
1 16 0.992825
2 13 0.945627
4 14 0.978146
3 14 0.979718
1 17 0.99276
2 14 0.980661
4 15 0.973203
3 15 0.975556
1 18 0.992789
4 16 0.987235
3 16 0.979707
2 15 0.92499
1 19 0.992761
4 17 0.977257
2 16 0.962069
3 17 0.98041
1 20 0.992791
4 18 0.983247
1 21 0.992823
2 17 0.930751
3 18 0.975648
1 22 0.992763
4 19 0.978172
3 19 0.975128
2 18 0.945597
1 23 0.992796
4 20 0.982674
3 20 0.979821
2 19 0.950824
1 24 0.992756
3 21 0.966716
4 21 0.971899
2 20 0.984572
1 25 0.992798
1 26 0.992823
4 22 0.978009
3 22 0.984283
2 21 0.950129
1 27 0.992819
2 22 0.984689
4 23 0.96473
3 23 0.976194
