1 1 0.992809
4 1 0.955942
3 1 0.962226
2 1 0.946202
1 2 0.992841
3 2 0.97953
4 2 0.977804
2 2 0.985177
1 3 0.992796
4 3 0.969654
3 3 0.970132
2 3 0.949878
1 4 0.992754
4 4 0.973388
1 5 0.992797
2 4 0.980284
3 4 0.97963
1 6 0.992826
3 5 0.979384
4 5 0.973644
2 5 0.950108
1 7 0.992819
4 6 0.983355
3 6 0.976682
2 6 0.985488
1 8 0.992845
4 7 0.973147
3 7 0.971917
2 7 0.93301
1 9 0.992862
4 8 0.983449
3 8 0.979524
2 8 0.949494
1 10 0.99285
4 9 0.956338
1 11 0.992872
3 9 0.962891
2 9 0.946107
1 12 0.992871
4 10 0.982457
3 10 0.974681
2 10 0.953582
1 13 0.992822
3 11 0.979669
2 11 0.949833
4 11 0.918756
1 14 0.992764
3 12 0.979958
4 12 0.987685
2 12 0.981124
1 15 0.992786
4 13 0.977502
3 13 0.976927
2 13 0.949644
1 16 0.992824
1 17 0.99276
4 14 0.983062
3 14 0.979145
2 14 0.975817
4 15 0.973083
1 18 0.992789
3 15 0.976099
2 15 0.95031
4 16 0.978171
1 19 0.99276
3 16 0.979184
2 16 0.985353
4 17 0.972982
1 20 0.992782
3 17 0.979466
2 17 0.946123
4 18 0.978604
1 21 0.992827
3 18 0.983992
2 18 0.949537
4 19 0.882564
3 19 0.979513
1 22 0.992762
2 19 0.950396
1 23 0.992787
4 20 0.982772
3 20 0.984071
2 20 0.984966
1 24 0.992756
3 21 0.984151
4 21 0.977627
2 21 0.950012
1 25 0.992798
4 22 0.988561
2 22 0.985057
3 22 0.981376
1 26 0.992823
4 23 0.973273
3 23 0.973072
2 23 0.946589
