1 1 0.992809
3 1 0.963327
4 1 0.957625
2 1 0.946019
1 2 0.992841
3 2 0.97934
4 2 0.983127
2 2 0.986426
1 3 0.992796
3 3 0.975125
4 3 0.973065
1 4 0.992754
2 3 0.950306
3 4 0.979565
4 4 0.955802
2 4 0.984843
1 5 0.992794
4 5 0.973372
1 6 0.992814
3 5 0.96549
2 5 0.950108
4 6 0.982381
1 7 0.992819
3 6 0.974591
2 6 0.98579
4 7 0.977365
1 8 0.992845
3 7 0.979431
2 7 0.93634
4 8 0.978876
1 9 0.992905
3 8 0.980016
2 8 0.946112
1 10 0.99285
4 9 0.972609
3 9 0.976522
1 11 0.992872
2 9 0.942319
4 10 0.983459
3 10 0.979767
1 12 0.992876
4 11 0.940887
2 10 0.940816
3 11 0.975899
1 13 0.992822
4 12 0.978008
2 11 0.950177
1 14 0.992764
3 12 0.980473
4 13 0.96392
2 12 0.985167
1 15 0.992786
3 13 0.979472
4 14 0.982514
1 16 0.992824
2 13 0.949889
3 14 0.984788
1 17 0.99276
2 14 0.984819
4 15 0.963332
3 15 0.976738
1 18 0.992789
2 15 0.939191
4 16 0.933219
3 16 0.979513
1 19 0.992761
2 16 0.957637
4 17 0.97285
3 17 0.975165
1 20 0.992791
4 18 0.982867
1 21 0.992823
3 18 0.979989
2 17 0.919935
4 19 0.977223
1 22 0.992763
3 19 0.975478
2 18 0.9546
1 23 0.992791
3 20 0.980431
4 20 0.947144
2 19 0.950736
1 24 0.992756
3 21 0.979747
4 21 0.972681
2 20 0.957656
1 25 0.992798
3 22 0.980092
4 22 0.983021
2 21 0.94541
1 26 0.992823
3 23 0.980259
4 23 0.972622
2 22 0.984562
1 27 0.992819