1 1 0.992809
3 1 0.962093
4 1 0.959802
2 1 0.946081
1 2 0.992841
3 2 0.979405
4 2 0.979165
2 2 0.946725
1 3 0.992796
4 3 0.977693
3 3 0.967533
1 4 0.992754
2 3 0.95014
4 4 0.983247
1 5 0.992798
3 4 0.974507
2 4 0.98487
4 5 0.972541
1 6 0.992814
3 5 0.975546
2 5 0.938566
1 7 0.992819
4 6 0.941086
3 6 0.974731
2 6 0.957766
1 8 0.992845
4 7 0.973378
3 7 0.980068
1 9 0.992862
2 7 0.9192
4 8 0.988713
3 8 0.979965
1 10 0.99285
2 8 0.957657
4 9 0.963731
3 9 0.962472
1 11 0.992872
2 9 0.950301
4 10 0.978481
3 10 0.984548
1 12 0.992876
2 10 0.949908
4 11 0.968072
1 13 0.992822
3 11 0.957239
2 11 0.954697
4 12 0.982446
1 14 0.992764
3 12 0.979757
2 12 0.985139
1 15 0.992786
4 13 0.95592
3 13 0.974813
1 16 0.992824
2 13 0.949943
4 14 0.982561
3 14 0.979229
1 17 0.99276
2 14 0.980301
4 15 0.972489
3 15 0.98046
1 18 0.992789
4 16 0.987066
2 15 0.942627
1 19 0.992761
3 16 0.965201
4 17 0.973231
2 16 0.957663
1 20 0.992791
3 17 0.970648
4 18 0.97788
1 21 0.992823
2 17 0.941671
3 18 0.980004
4 19 0.972811
1 22 0.992763
3 19 0.979782
2 18 0.942803
4 20 0.979281
1 23 0.992796
3 20 0.979916
1 24 0.992756
2 19 0.945913
4 21 0.978283
3 21 0.975531
1 25 0.992798
2 20 0.980177
4 22 0.979987
1 26 0.992823
3 22 0.977488
2 21 0.950289
4 23 0.949917
1 27 0.992862
3 23 0.975681
2 22 0.941328
