1 1 0.996211
3 1 0.959914
2 1 0.940314
4 1 0.964872
1 2 0.996161
2 2 0.943922
3 2 0.976944
4 2 0.96094
1 3 0.996207
3 3 0.977034
2 3 0.940846
1 4 0.99617
4 3 0.982856
3 4 0.977037
2 4 0.97532
1 5 0.996209
4 4 0.975641
3 5 0.976877
1 6 0.996231
2 5 0.941019
4 5 0.979787
1 7 0.99618
3 6 0.970084
2 6 0.982605
4 6 0.986018
1 8 0.9962
3 7 0.975053
4 7 0.957609
2 7 0.8997
1 9 0.996174
3 8 0.976986
1 10 0.996209
4 8 0.98097
2 8 0.940485
1 11 0.996241
3 9 0.886993
4 9 0.948888
2 9 0.940353
1 12 0.99618
4 10 0.982337
2 10 0.982572
1 13 0.996196
3 10 0.899059
4 11 0.979046
1 14 0.99618
3 11 0.977333
2 11 0.943636
4 12 0.97999
1 15 0.996196
3 12 0.974134
2 12 0.983459
1 16 0.99618
4 13 0.975615
3 13 0.973669
2 13 0.898307
1 17 0.996196
4 14 0.982992
3 14 0.977093
1 18 0.996224
2 14 0.943347
4 15 0.958255
3 15 0.973874
1 19 0.996171
2 15 0.943652
3 16 0.976775
4 16 0.983289
1 20 0.996209
2 16 0.943827
4 17 0.971569
3 17 0.970265
1 21 0.996234
2 17 0.943434
4 18 0.985876
1 22 0.996181
3 18 0.9776
1 23 0.996206
2 18 0.979526
3 19 0.953816
4 19 0.830318
1 24 0.99625
3 20 0.978244
2 19 0.898817
4 20 0.979692
1 25 0.996185
3 21 0.977161
2 20 0.943083
1 26 0.996205
4 21 0.982314
1 27 0.996235
2 21 0.934404
3 22 0.96153
4 22 0.954983
1 28 0.996238
1 29 0.996256
2 22 0.876399
3 23 0.896249
4 23 0.84445
1 30 0.996304
2 23 0.943718
3 24 0.980702
4 24 0.975197
1 31 0.996274
2 24 0.983595
3 25 0.959284
1 32 0.996297
4 25 0.978923
3 26 0.977041
1 33 0.996304
2 25 0.896738
4 26 0.968498
3 27 0.977193
1 34 0.996292
4 27 0.951508
3 28 0.980354
1 35 0.996261
3 29 0.977533
4 28 0.964476
1 36 0.996288
